#   N       t_old assemble   sort       broadcast
1     40000 11.79 0.1972E-03 0.7348E-01 0.5865E-04
2     80000 12.16 0.5115E-01 0.1446     0.7091E-01
4    160000 11.42 0.1445     0.2920     0.2574    
8    320000 14.18 0.3110     0.6049     1.147    
16   640000 21.76 2.062      1.325      5.521    
24   960000 28.09 3.835      1.819      9.258    
32  1280000 35.21 5.484      2.644      12.85    
40  1600000 43.30 7.180      3.445      18.02    
48  1920000 49.59 8.931      3.962      20.73    
56  2240000 57.31 10.63      4.589      23.07    
64  2560000 63.46 12.39      4.931      27.70    
72  2880000 71.28 14.07      5.911      30.19    
80  3200000 78.27 15.77      6.574      33.73    
88  3520000 85.66 17.52      7.360      37.38    
