# Number of sites sent to neighbor for node 1
# p = 8, N = 80000
-65
57
159
106
-129
60
-11
-79
-276
18
-83
-77
7
-82
-75
136
204
-127
182
56
210
98
-52
39
95
-302
62
184
-107
-32
-52
36
159
69
-170
6
190
244
-180
-62
211
-71
-127
-47
49
44
-34
-76
-61
11
-46
-307
-232
385
3
45
-232
64
-97
81
-241
117
13
295
172
-119
-39
-65
87
127
-269
-424
-167
291
26
-55
-213
-42
-273
-155
135
-148
-27
-161
-39
-84
37
201
112
133
248
-2
28
-177
-181
19
-198
-226
147
61
-152
-45
-132
-41
38
18
131
162
-8
0
-162
-146
202
19
-85
195
-5
135
152
222
113
-68
14
-41
52
-121
60
-86
193
98
-4
-8
22
41
-264
-292
76
-72
-148
-96
112
-78
259
141
18
-187
95
25
-53
170
-103
266
33
-1
36
81
-133
-128
-117
-139
-71
212
-132
97
124
118
76
-32
-166
159
-74
-104
147
16
-146
90
-269
-237
-36
84
-350
82
20
-48
24
-17
-26
-206
-192
194
8
12
48
-79
104
45
-249
-90
78
-301
-173
72
-80
119
-213
72
123
17
145
-169
233
-65
7
-108
-89
69
-161
167
140
42
-93
-86
261
44
-145
-66
43
-84
84
-51
271
-84
-127
-134
202
-18
51
94
-58
13
-94
44
-229
-114
3
71
11
266
179
-24
-5
20
170
-154
106
50
-45
-93
-151
-37
63
-363
-24
33
139
150
168
-310
-111
90
176
13
-104
6
-260
-112
-34
-126
-167
-159
-28
-236
-12
41
84
-67
16
-101
-62
13
12
-131
37
-75
40
-207
-167
1
132
-43
74
107
37
247
157
-65
-133
185
33
-144
40
156
-108
45
-2
134
162
97
242
-82
-138
-204
35
147
-89
-25
152
-121
19
83
-87
-140
39
-255
10
43
97
-138
-181
-101
171
97
136
-120
-119
-248
68
-146
-220
86
-108
106
-12
-15
89
79
-215
83
-68
153
160
71
158
-94
-196
-257
-338
149
-95
0
97
325
53
-78
-205
-78
-12
52
-39
83
52
42
-241
126
-56
-144
32
-151
-8
131
37
-34
-31
-62
-16
-143
156
16
22
104
88
54
-44
-14
-141
135
102
113
56
49
-89
102
49
-63
-147
-58
160
-42
133
129
-181
63
19
-158
-15
-17
-12
10
-71
21
-86
213
199
181
139
-36
122
178
145
-123
42
195
-12
-105
86
-68
122
-9
-225
139
6
175
-92
182
-182
-163
-65
-5
-47
58
41
-178
76
-117
-208
16
99
5
48
183
-36
-62
-37
7
-73
103
319
42
-79
-90
32
-25
-15
124
-113
-67
-67
-96
206
208
38
-65
189
-204
195
134
45
-86
81
-41
-22
-69
255
20
-67
-21
140
-15
5
-62
14
-236
111
-192
-6
81
-13
-22
89
-36
-78
254
24
125
11
-75
-132
56
-101
0
26
97
107
62
32
130
-27
-264
-43
-9
-211
5
-306
-37
-57
-356
-9
117
211
-163
120
68
72
-124
52
32
169
47
118
-195
4
121
57
125
20
287
-88
148
-74
-57
-21
-168
86
34
137
-201
-4
84
209
-65
-142
32
-26
28
-86
-136
243
-60
68
92
-266
137
56
-25
-202
165
45
-78
71
-69
-49
-141
-5
69
69
45
-115
-327
-186
56
-87
-18
46
-41
-121
-247
87
46
-37
-117
91
-11
-120
-17
-64
-4
-196
-39
74
-186
211
6
205
-105
81
93
9
-42
161
58
103
-208
-112
-105
-7
43
170
-90
-33
-307
194
11
-166
94
228
68
-27
-14
119
-265
72
-18
113
-259
69
-79
-112
-54
-43
63
-4
-29
101
11
65
107
52
13
30
127
-4
-60
-24
-36
172
244
-142
171
-218
-56
93
193
-79
18
-98
235
160
-87
92
121
74
-39
114
149
-111
-28
-20
162
188
-61
-63
-105
-125
-148
-120
38
189
164
85
-129
4
-129
-17
228
191
-124
-85
-54
-23
-60
171
125
-2
95
-38
76
-28
187
-160
40
38
192
58
33
-53
-146
-25
-164
-142
-136
50
-1
129
-22
-26
54
-75
117
138
-179
41
-74
-23
5
-233
-93
-38
121
14
51
100
-32
-20
49
-166
-240
-16
-52
-99
-70
-128
-46
-178
50
-109
21
171
-207
-169
2
-82
76
-99
100
-115
-79
-105
-23
-115
-223
137
-23
41
-106
60
150
4
-19
153
309
-8
117
-72
-67
-72
114
-106
10
238
43
133
173
172
-122
190
-274
226
-60
-132
136
-104
136
-81
64
-123
47
-186
156
-49
-104
24
86
35
-36
76
199
-27
-190
-43
144
102
-42
-23
214
-12
1
-250
15
55
199
-121
-256
62
21
-69
-119
-63
93
-56
-6
-243
14
54
-227
-17
-284
-7
-50
-222
30
-88
44
-330
-149
0
-18
-160
73
-30
-113
-8
53
248
132
-317
-195
78
133
-84
-175
119
28
52
280
-19
-215
-44
-24
-73
101
-246
-85
41
-163
15
-102
32
-96
25
-184
20
84
-247
-69
-223
151
-176
-9
15
-104
142
27
139
-106
-4
-88
-113
-89
-1
38
115
68
155
71
-59
1
39
-88
135
110
-155
15
-111
127
-41
142
-36
-41
124
28
-28
-82
-103
-137
-21
5
-185
-157
8
-243
160
105
5
-28
141
64
-118
117
-70
116
46
-176
13
-136
43
110
282
24
-56
-244
105
-32
-9
6
-178
-22
89
189
-65
-158
-216
-89
67
-1
-140
87
-198
29
128
-211
73
47
-60
-111
139
186
50
92
-97
-77
147
284
-32
38
-85
4
-34
-31
-170
-119
69
-121
179
81
119
203
-204
155
78
10
-79
-112
-29
107
-104
-79
-91
-59
-56
-30
87
139
-470
80
-173
1
47
-17
-102
-155
189
-239
-26
-175
-39
157
-206
-58
88
-41
4
73
-179
169
178
171
-80
97
-1
-157
-276
87
-67
81
207
216
138
-186
96
83
-105
-151
-161
119
-19
-120
147
67
-121
51
93
198
151
202
-81
-77
-51
-45
-335
136
100
-95
45
-240
70
-95
204
-165
-127
191
-76
-69
-4
-43
-152
-121
-282
77
-1
126
-197
96
-61
37
299
-110
-246
56
104
-13
-63
157
-91
-7
33
115
-105
113
49
-150
-132
185
-49
-23
-25
60
159
88
-225
94
-85
-201
-10
131
125
85
256
-42
-125
-277
16
170
-139
-4
-33
-62
-113
8
27
-92
-302
64
-26
61
71
-104
-75
-84
-140
49
19
-45
-150
-81
110
-3
-30
-8
-8
48
41
-103
-137
25
-107
130
-180
-149
-143
99
15
-115
-57
-70
212
71
165
235
248
73
-97
-183
32
26
-16
76
8
53
111
-58
24
27
33
55
-30
72
60
-144
65
17
80
92
-193
-41
-78
-120
252
110
-22
76
70
-110
-105
-122
-142
-83
-236
441
221
-200
-51
90
201
-27
-185
-95
-20
25
30
-103
343
4
-30
-239
-48
145
138
57
157
-61
-26
-21
-28
-133
-164
39
8
97
29
-231
-327
-197
-211
192
-36
142
216
-13
52
-2
-88
-337
-221
-51
-93
-77
29
69
83
-59
-120
398
233
-80
-148
-19
-150
121
-154
-16
112
161
-93
-204
-82
-13
147
68
21
27
35
-33
28
137
-182
150
-136
-85
-145
205
46
-5
-185
-49
-210
-64
77
7
36
-210
11
2
49
67
-14
71
-67
-31
97
164
-11
-79
54
104
203
-161
-101
-89
-128
-41
37
146
180
-303
82
113
252
58
-43
50
48
-197
44
-75
143
-116
19
-26
-140
26
88
116
209
-177
-71
30
37
23
13
-75
34
-109
160
-40
-168
-146
34
173
-15
-30
130
-12
54
-259
-76
234
-230
182
-89
-213
-22
63
-136
78
-129
-13
82
49
1
-165
-74
118
-4
42
-70
-6
68
38
64
64
-131
-41
40
-17
71
85
176
-130
-13
-233
209
-12
82
-68
-124
129
-112
-433
404
-61
-68
25
177
43
110
139
36
-274
-32
-204
-284
49
127
-333
86
0
135
23
17
177
201
-1
-149
-166
-47
-3
-124
-68
-83
218
-2
-46
195
-77
-55
195
166
108
-96
-35
92
48
4
-218
-163
-59
-156
-78
89
67
60
-132
146
-59
178
-290
117
-123
40
-104
-92
-118
-228
-364
140
282
-18
167
3
-16
53
0
-81
-283
-299
-159
-103
-83
308
22
-112
65
187
-174
54
156
-117
-88
-204
-93
-149
2
57
-214
-164
112
-97
-78
25
69
28
75
-161
33
84
24
132
-273
-111
95
12
-19
203
151
44
-190
93
-172
24
-105
237
21
234
56
-16
105
167
35
-210
265
-101
93
15
-104
-237
79
223
304
-178
43
-57
-8
65
-142
-269
-93
162
39
42
-25
-255
151
206
67
-99
-181
-179
14
-24
45
101
-8
-171
-196
12
-16
-182
-250
-89
182
-43
77
-240
65
216
6
105
240
203
122
-49
-77
-65
-50
157
-60
62
48
157
-199
5
-219
-64
-150
-66
-20
153
72
21
32
7
55
90
-13
144
-213
26
-56
21
44
-32
151
-181
153
116
-179
-147
241
-264
14
-254
117
232
-71
-21
-66
-243
35
125
138
33
-33
83
93
-192
3
270
-165
-102
-67
107
132
64
-83
61
99
-150
154
340
-56
-151
-80
-90
-219
69
284
136
-110
-138
-139
-87
0
12
-170
-143
12
9
160
163
-137
42
-105
230
267
220
-5
1
-11
-62
11
-93
23
-60
40
4
4
-23
-201
1
59
-160
127
94
170
167
85
-60
16
85
-88
83
-41
-164
-82
135
69
113
-128
87
-209
-109
8
-84
100
119
-48
187
-195
-139
-88
-136
-9
56
86
-165
-5
266
-17
-96
-181
80
-100
12
-254
-71
19
16
-22
113
-266
-90
-86
-78
-71
-128
79
-205
-30
67
-24
-2
82
227
161
-69
58
28
77
-66
270
32
-134
74
-130
-153
90
131
306
-32
161
-123
-6
247
-169
11
21
109
55
69
257
-239
-46
-113
161
104
-86
-264
97
-57
171
57
226
-161
210
-2
72
330
44
-131
-209
176
-103
28
1
-102
199
-203
-199
-159
-9
-84
-17
41
-61
169
21
-88
-165
-123
-14
-65
-91
56
-149
154
19
28
-139
-147
18
162
-34
-175
-119
123
-50
44
-16
84
-34
-41
70
-107
-24
-20
81
69
31
132
-25
265
-165
198
-176
154
144
-232
245
139
-78
244
-139
-41
224
-4
138
29
-60
10
-188
179
-210
-126
-113
44
34
117
-193
-7
172
-121
-266
-87
-69
-47
-207
109
-218
57
-123
28
64
-119
-112
187
4
24
72
44
-142
56
-168
252
69
27
117
22
-115
148
65
-40
1
206
-40
59
-89
26
40
-177
-53
-72
65
-18
-1
165
178
266
20
66
94
80
-176
47
-40
-127
21
315
109
242
223
-170
82
-126
31
-64
-44
-117
7
121
-50
-309
147
40
97
27
25
-326
-24
45
89
-167
-40
131
-129
-118
106
-26
206
-126
111
94
-219
110
192
-85
62
53
97
-21
43
57
-70
109
-59
141
324
104
-326
250
-1
-82
-105
-230
-72
-205
33
106
-130
-55
231
-122
158
57
-129
156
-4
150
163
122
280
26
-22
162
61
21
55
47
74
-193
24
66
-196
-66
0
-39
-82
6
162
14
-50
75
155
-56
107
-142
167
80
-168
-194
-73
-1
-168
236
-16
124
-105
-3
-74
208
-26
-50
-10
267
-62
110
148
-53
25
60
63
-92
50
-174
-20
-161
18
163
-275
45
-3
51
56
-66
117
104
63
4
67
293
-11
124
-130
102
-108
35
74
165
98
-100
219
-168
87
-88
-189
69
16
134
-256
160
-80
-27
103
142
-68
141
19
-146
134
74
-56
-88
265
-216
42
-53
214
-22
195
59
-116
-59
-314
-105
93
-106
11
177
-8
-212
258
195
55
-1
84
-63
-16
142
-124
-121
233
128
-30
-225
210
100
268
-63
10
41
174
114
-157
49
-19
-30
95
-31
-31
-125
-220
-201
84
-7
15
15
216
-17
-261
-151
27
195
-118
-97
-20
66
46
-6
55
23
31
-248
-236
-19
-100
-205
-99
-193
-81
5
-94
-60
-119
13
58
93
250
-53
156
45
6
237
54
93
176
51
-27
-230
190
25
132
-4
7
-106
132
-49
125
137
80
-195
11
31
69
43
-11
283
-41
8
56
-191
-217
63
-52
64
82
-119
43
-195
-121
25
58
81
265
56
-46
43
-24
28
43
-58
-148
141
123
50
145
-88
7
-81
-59
-283
-57
-25
-181
137
42
152
40
-68
231
-59
-302
204
9
18
138
126
258
-89
445
-17
42
-280
97
-29
-18
-93
-71
-380
-21
-148
-130
136
45
-83
48
-179
-164
73
-6
-106
-140
163
-125
21
25
8
134
-149
-135
60
82
124
-64
-111
-82
-57
8
-96
-239
88
106
71
-273
-59
-106
73
-179
-116
145
185
-47
-31
115
48
193
-207
-156
5
-30
156
-34
-5
-74
168
69
-75
-328
-183
37
1
-266
-68
87
121
-230
19
39
-281
176
35
109
174
184
234
56
-115
-137
-203
-20
167
-61
-24
-120
-57
65
72
-324
225
231
-109
236
-48
122
36
53
119
112
15
100
24
109
130
256
-34
-74
56
21
-170
-196
-72
-18
-226
226
151
-13
106
-1
124
95
-236
-96
72
-99
57
-222
14
133
45
238
103
85
105
-155
45
-32
6
-50
64
-29
-15
55
144
179
-106
-2
-77
-98
-20
-114
65
177
-59
-113
-28
220
-8
10
35
55
-82
46
47
37
182
274
-268
-81
46
26
-204
119
62
-176
-7
-76
-136
225
-68
-57
-134
-71
205
-210
-33
-156
220
-240
28
145
-83
201
-8
0
-125
37
-128
-116
-141
47
-172
82
26
-85
-174
-92
-224
-142
-133
-121
-162
-164
-94
400
170
177
121
195
-299
48
98
-52
-19
134
-161
-49
-107
-37
-2
-42
-48
-116
8
14
-35
253
86
-234
-52
-32
93
-70
242
128
-131
47
26
88
-94
55
-45
62
151
0
98
-216
316
22
-70
137
-220
-290
204
-176
-232
-72
96
-60
-210
-126
89
-89
135
-119
55
104
176
49
0
-43
-23
-30
131
107
166
-142
-227
-144
-59
-47
-99
136
91
-82
-147
-12
-40
225
136
251
253
-115
223
71
11
-186
-21
-168
175
-168
-18
35
-115
96
120
-28
-154
-18
214
-65
68
-107
232
-277
101
-37
128
-71
105
235
-242
-132
10
130
55
-54
203
-116
-182
-70
28
-125
234
-64
-45
-61
77
-188
6
-119
167
109
143
-63
-14
28
46
89
-170
103
99
-84
-303
-179
-66
-11
7
-113
46
136
231
-48
188
-12
56
38
-98
33
-126
56
-19
86
-172
-173
46
15
139
-245
40
77
-192
151
30
115
-144
-103
-15
-242
-45
180
-105
20
-298
-47
-263
52
-27
-50
-143
47
171
91
67
-147
-130
-157
65
-104
-55
-15
33
-216
-226
40
264
57
195
22
6
-127
-255
-183
6
-67
-29
39
150
-91
-5
73
182
-62
-67
139
-155
-26
56
70
-271
67
30
196
51
96
-67
141
204
-204
65
-34
-12
43
63
-129
-228
-24
-100
-86
126
4
-213
46
187
-69
36
-11
30
38
-12
110
193
108
86
73
-32
216
221
-258
125
-112
-204
-2
-177
55
64
-50
2
146
-54
236
-92
-109
81
-337
10
-61
-200
-74
-9
-186
44
32
15
-255
-65
144
-226
141
71
-282
18
41
142
85
78
133
-150
50
-2
-151
-27
248
-77
-44
-236
74
131
-22
101
-111
138
-198
-191
178
40
-58
39
-156
45
-80
-434
-110
28
75
-10
7
65
215
81
442
98
18
-134
200
113
-105
71
-116
-378
-12
-123
-218
125
-16
152
359
-192
-71
269
46
-163
-67
93
-114
-74
281
-148
75
1
218
-22
37
-109
-177
73
-67
11
262
108
-214
-77
17
19
129
-86
-226
-33
241
216
182
-71
29
148
-66
-169
16
317
111
-139
-86
81
-54
-11
-208
-83
34
229
-3
-340
148
-50
58
-107
250
-90
19
225
20
150
-215
58
-264
19
91
-148
71
52
140
73
-20
155
238
-20
-171
-69
-60
82
-11
14
81
47
-355
57
-138
-126
-69
-53
109
205
66
-90
-125
183
44
164
165
104
81
-21
204
-78
141
-21
138
200
88
-74
38
177
35
2
-73
35
104
-288
18
66
-10
-28
42
-24
235
-248
156
-200
-75
35
-116
-216
-15
119
29
128
59
-208
-118
29
57
0
-370
-16
-112
-143
167
115
183
48
148
71
151
-141
99
213
111
71
73
99
145
190
-76
225
19
-126
-27
-69
-86
-103
23
32
-364
41
-55
72
227
133
-106
72
91
-77
-273
17
19
-197
22
319
145
-25
1
225
51
-63
-22
-64
-33
-135
-30
39
61
19
-220
17
122
162
131
-69
-142
19
163
-131
-358
295
235
-48
28
54
213
74
117
109
-156
-202
-28
-73
80
184
163
79
-239
107
-127
117
-226
-8
-35
-9
-71
-26
30
33
151
58
-169
-78
-11
-147
-108
189
7
-55
249
-214
99
97
47
163
106
228
-7
118
327
-7
27
-120
18
194
-81
194
32
-321
262
-56
37
-209
57
82
-187
51
-165
67
125
87
19
-38
203
-163
-198
-38
196
-16
-68
-101
69
-37
117
60
-23
91
-52
240
110
-10
54
-22
-71
-167
-10
-53
-166
140
297
-113
68
61
-36
-251
139
-45
-83
50
147
30
136
-55
-75
90
108
-72
89
65
-9
-96
-134
-104
-97
-128
78
46
8
-82
49
85
-122
250
33
115
30
152
156
119
-1
-271
-44
213
-71
169
-143
11
94
46
-97
8
-148
-64
-82
-2
93
-55
-227
-172
-31
62
46
10
154
-94
100
55
41
5
145
104
156
4
39
-40
37
52
279
-207
-2
-82
-54
-22
110
-15
14
135
189
122
71
0
-39
-48
-246
151
-148
67
-76
166
35
245
-71
35
16
17
74
-80
-309
-269
-82
52
-45
-156
107
23
-213
189
-144
157
-63
138
-47
-124
-31
261
14
78
-111
76
-53
174
73
-439
-64
-296
-79
-119
61
-4
-87
57
135
103
263
98
88
16
-169
109
19
-32
129
-99
105
-188
101
91
27
-89
97
-131
-151
147
30
-52
-116
-77
-22
-147
39
-21
90
-6
-19
35
19
-133
131
231
-115
-160
62
187
-66
-78
45
-48
53
-142
-66
193
123
-215
-57
1
88
-100
-218
-40
113
21
32
-190
-206
-160
-183
5
-47
51
15
24
4
-100
-49
243
75
-88
180
-12
163
36
-56
-63
-29
389
-177
124
37
-186
188
80
-40
-104
140
-11
52
-319
123
110
-75
81
239
-24
-222
-10
9
74
-215
-27
-280
50
-123
-129
7
116
136
-8
-178
79
-43
129
-74
76
9
-1
-29
32
-79
-7
25
85
-17
-44
-19
81
-119
61
40
-128
285
-111
-80
74
6
133
104
-87
-55
-244
65
71
-119
104
-211
-163
43
-56
-150
138
-23
28
44
8
17
-6
117
-286
-117
-7
-39
105
25
228
55
99
71
-101
31
-65
-145
-237
89
-103
-31
71
7
136
36
205
-51
88
44
-61
217
61
104
13
-20
-160
-28
208
-187
124
-30
286
9
-75
121
-121
-12
-55
108
-61
-79
54
-52
128
-74
-132
-68
-238
-164
-9
-189
48
9
14
195
-95
180
107
101
-19
65
157
-39
138
213
-63
-54
-114
-62
90
85
58
-98
147
-14
-33
-192
285
208
103
70
-114
156
-5
46
2
-159
-61
132
-94
76
48
-57
104
-6
-235
128
29
300
-146
230
-132
221
-254
-44
-39
-142
-56
-67
-184
140
89
-60
-29
39
78
84
15
-58
-128
12
-70
173
-60
-22
-88
-18
-23
-125
54
33
109
-117
32
39
-3
-10
2
4
-6
-284
17
72
2
-148
-1
-39
-77
-96
-51
-207
-164
-117
-50
103
-12
152
50
-50
-23
-120
207
95
116
-35
38
7
-154
-192
-87
266
85
-254
317
-3
-38
-18
137
-95
166
-58
7
-48
20
255
-47
-11
-33
-4
-128
62
-237
170
36
295
-172
192
-48
174
-211
37
15
-31
-29
147
-104
-194
-119
40
-167
90
79
-98
-64
-167
-69
127
-167
119
-2
79
-18
-77
-108
106
-142
-98
-147
-121
-66
-21
-278
109
-64
80
-104
-271
40
-64
-108
-1
-144
98
-165
196
-17
333
3
-107
-113
-128
-100
-9
-1
-164
170
77
216
231
-30
281
-145
-17
-129
-65
63
114
-27
58
34
-66
-56
78
-81
214
-20
16
107
84
-14
17
-154
-406
-36
41
-260
-170
71
175
200
104
-187
309
-66
-164
-11
157
244
-164
86
-131
-43
-3
55
86
219
-154
251
66
19
-121
-309
-151
-208
89
150
-8
63
58
-81
-203
30
-5
-59
194
-160
148
-60
-44
15
8
-169
-53
-218
174
-251
-163
-39
311
-90
-46
29
24
245
202
-228
27
84
258
190
-247
177
-88
-157
47
-219
-225
30
-76
231
-35
231
-130
92
242
32
78
62
-271
163
16
-45
-13
-116
-277
-41
40
171
-159
29
8
-71
-130
-255
-18
-176
89
-254
34
-38
191
4
244
88
246
-11
120
74
-195
247
-150
-133
-140
140
-64
-157
-25
172
7
5
34
130
-148
1
-220
134
175
-179
50
-13
93
172
-167
-17
-159
-58
136
-181
-69
-11
80
183
-121
94
225
99
56
23
21
-266
-168
-92
3
66
-105
-77
131
-12
41
-30
156
44
107
-64
-192
-227
63
126
59
-110
18
-148
49
94
-182
-294
-296
33
46
-100
206
-149
46
0
-131
81
-141
100
-15
-105
-186
27
119
-2
-100
94
27
-63
-41
-209
-92
-97
148
-231
-155
14
-105
62
-49
-276
-251
13
13
-64
125
-207
-44
-52
-118
-191
100
264
98
133
18
-38
52
77
-108
169
51
11
27
-269
-29
-59
116
209
93
-19
-171
-216
37
236
135
44
-162
-246
188
-320
-42
72
-4
209
-156
-121
63
-88
49
168
-120
-67
-36
-25
-31
187
19
4
140
366
-81
-106
-263
36
3
-33
-38
-219
155
44
-97
-125
-4
-73
-96
-5
4
96
-57
86
-14
-147
224
158
129
211
-202
146
10
-262
190
29
-154
64
-20
-41
71
96
70
-8
-44
9
220
-54
-13
-137
-11
-13
141
124
156
-47
-121
-17
181
-32
-91
131
39
184
-107
145
180
96
163
41
1
-38
-21
38
162
-55
-194
-41
27
-52
73
292
150
141
79
-51
-63
157
-99
107
-42
-199
47
7
-309
45
-240
-31
-68
-26
-7
22
12
-81
282
48
142
-96
65
-120
-143
79
133
-68
-128
-180
-150
-17
-109
-8
137
-44
-342
88
2
-40
-91
-95
382
-176
254
-132
38
157
147
-217
-361
173
-43
-120
42
84
-29
-256
121
-48
192
144
-4
-111
181
-80
-138
39
93
-22
-106
208
-198
-155
366
-64
60
-158
-124
-132
-78
-20
-36
-13
70
246
-9
70
2
49
-51
83
83
-185
-213
-28
-183
-12
-165
-47
-100
-1
-254
31
-133
72
-11
134
-45
35
165
61
-5
-31
-134
-291
75
-100
226
203
-45
1
-20
128
-5
104
150
72
31
82
155
90
199
170
78
93
73
21
-101
-290
220
41
214
-149
-129
41
-86
-54
-258
110
119
-98
169
28
94
-226
-47
-50
-93
16
55
-126
131
-64
126
-105
93
-72
37
59
50
-79
262
-137
160
-61
99
-113
157
-29
-45
39
63
-384
201
13
50
128
128
-77
197
200
43
19
-10
118
68
-33
8
15
-5
-37
48
54
123
-41
-84
103
-317
101
8
-25
167
-11
-299
70
-39
-103
-9
217
25
286
-76
232
50
258
198
-107
-9
-122
-118
-185
63
-18
9
24
118
90
-49
101
116
-178
22
53
-41
-122
233
132
-150
-124
95
-56
38
24
80
147
199
-47
330
-12
103
78
-153
22
93
-74
-92
-92
-73
39
94
-150
-220
192
10
-150
-181
298
-96
-18
-21
117
38
77
-73
69
8
-10
-32
-129
103
-55
89
-295
60
-22
27
-59
-226
1
-32
-60
-133
-103
3
-14
69
60
-22
2
103
63
-176
-216
12
15
-126
-189
-51
-24
220
183
-9
-72
-118
262
140
180
-205
30
192
356
-131
-137
27
17
-97
206
23
240
183
-35
-44
141
-130
31
10
221
-194
29
-71
208
117
-189
-49
-188
98
183
-273
56
-2
-61
-50
-53
-6
178
61
142
-99
-57
62
-262
-235
87
204
-141
-82
-8
58
-18
36
239
-167
-263
23
-130
52
226
-21
-52
142
79
-68
166
-241
-85
31
-159
-166
125
-132
-49
161
98
4
88
-87
340
158
-6
216
-48
103
137
-8
130
-192
-180
75
-139
176
-154
113
37
-84
16
-29
-128
22
-55
123
34
128
221
-17
-116
-2
16
-271
114
-158
336
29
43
94
195
-130
-24
59
36
-74
-185
-95
-78
75
258
123
60
218
139
9
-4
-171
168
70
247
140
142
-11
30
22
-128
353
20
-70
-93
-87
41
-24
35
300
80
-35
-106
-126
29
14
-126
-64
-119
-339
-102
195
-29
199
110
46
-101
-18
-195
38
-23
-1
-105
-112
-11
-134
-149
77
-143
142
113
-224
-95
71
-143
-131
-154
45
-35
-25
-100
28
-182
-42
1
81
-102
-61
-10
-11
-52
157
125
143
0
-211
103
-372
240
-153
-287
-120
-165
-6
-56
-37
-23
-64
20
107
-188
135
-157
-74
146
5
-196
-43
-115
-166
-156
53
-42
127
176
61
-90
-18
51
-50
91
110
36
-68
179
-181
104
-126
-138
-289
-148
-72
76
84
166
110
163
190
213
165
-17
-121
32
-30
209
-321
132
104
-45
-144
13
-35
-74
-37
86
144
-15
-193
-202
-138
-203
-165
27
63
-194
-81
9
216
-258
-38
145
204
-172
210
-255
190
-75
159
-80
96
-281
249
-5
-131
-78
-11
-3
221
-181
-94
203
302
20
36
-156
80
68
-24
-45
116
-207
-87
184
-144
76
166
71
35
-129
-36
-64
25
-149
8
-81
-187
77
-6
42
213
-210
-181
120
0
29
66
-114
295
-193
-164
13
65
-251
34
8
179
-113
42
-134
-68
39
92
84
115
-55
243
-106
-27
137
26
-36
275
-43
-20
110
-62
230
-13
78
-301
183
310
86
34
145
-133
135
40
-24
81
12
136
-61
-8
-205
-26
105
166
-240
130
193
32
-139
-80
-74
116
64
-225
84
-131
-64
101
-120
-111
-39
-102
112
23
-196
-14
-90
4
89
-110
105
-65
72
-53
-119
7
108
-335
147
-79
-34
30
59
223
-65
93
51
6
-27
-266
-153
-73
-162
-17
-55
-81
-130
166
165
-446
-299
65
-130
63
71
-177
195
171
-41
-139
-158
-175
-153
-54
-133
57
-89
98
-110
146
50
-70
90
112
-115
-55
83
110
75
72
222
282
85
-69
32
-126
87
-168
-225
68
-140
-69
-148
-140
107
-22
183
-134
77
113
-68
-138
-138
169
242
60
191
119
-3
123
-37
51
-58
-182
129
150
-13
86
-257
352
120
-125
-42
-41
107
66
-13
-27
50
238
-75
96
-35
-205
91
-47
61
1
-169
104
-146
7
47
-108
-281
16
138
-32
157
-84
-199
136
-65
-159
-333
-253
274
94
-135
-237
138
-233
2
131
-161
11
-46
95
66
-52
-14
260
-62
30
97
-83
-120
18
186
-129
-165
-16
-71
-257
372
-71
92
91
-27
102
192
121
-12
143
178
15
80
0
70
-58
63
136
-15
33
-103
-44
152
273
-1
63
105
-190
36
30
110
118
-289
-173
81
-109
-270
-146
222
-9
95
-276
-183
65
123
24
2
205
-96
155
104
328
-135
-109
73
8
-208
-13
-118
-223
-133
-3
469
-65
11
138
-89
26
44
37
-190
-77
-26
-17
171
-131
-37
-98
-136
-51
200
46
-14
-72
6
32
-223
-38
173
24
-113
-3
-3
-30
-124
11
-222
-119
-169
37
7
4
103
163
1
-143
73
42
135
21
-269
-96
-7
255
-252
-164
-86
-85
-57
28
-180
77
270
44
-150
200
-3
-325
-175
-208
-3
-10
-39
-162
-225
71
26
75
-128
-77
-115
25
-66
-131
-156
-69
-62
-189
-17
66
-74
24
-35
189
248
-88
-257
-35
-30
-212
-34
3
101
-16
-69
148
62
75
225
250
75
232
415
-207
-113
-155
83
-65
-139
-28
85
-347
-113
150
202
-110
108
57
119
77
-75
-61
74
-257
153
-63
-116
34
113
-23
88
120
-324
35
-48
-138
-249
-59
-66
151
40
-28
8
-15
15
-121
-59
-207
9
-102
56
246
9
-95
-12
-73
-27
68
51
-193
12
17
-53
-82
117
-92
-39
30
109
-209
-240
-75
261
165
32
-296
-1
241
88
-223
227
-69
-138
-206
11
190
-57
219
-26
-252
306
87
-52
9
-127
132
74
-95
59
-230
51
31
-155
56
95
-86
-133
-40
291
326
-24
-129
-8
-24
254
-36
71
124
320
-65
-17
242
-242
64
185
-222
-114
-185
-108
300
-154
93
-136
78
-37
45
67
198
17
203
-24
46
6
-226
18
188
114
-70
-78
-198
-51
-156
124
-146
63
-52
-3
-112
2
-2
127
104
-31
155
180
-54
115
-70
403
-181
-159
-27
245
-24
32
121
82
-162
-182
-111
-1
-44
-199
32
-87
73
-214
10
74
98
120
136
-57
17
-227
0
138
50
37
38
-68
-67
-8
-101
-12
-231
182
-28
-191
84
66
-68
-88
-2
93
142
78
-89
-355
109
128
0
-125
80
56
-102
164
49
83
30
-13
-66
-92
-156
-70
-65
-233
-10
58
-11
127
-62
78
-217
26
41
-91
37
-94
123
-24
53
-83
32
116
-94
-153
113
-114
108
138
-78
-104
55
115
-69
52
62
-183
-62
66
323
-2
-142
68
90
61
82
-113
-62
115
99
-73
-76
359
22
90
60
-212
-293
-62
31
137
192
130
-160
251
47
-115
155
120
-49
-55
-355
-46
62
-88
156
-46
-188
-15
71
-86
70
95
152
84
-267
17
45
-14
-82
-51
234
332
57
119
-90
-222
73
-45
166
-219
-123
114
-181
-31
103
40
115
-199
-211
277
122
37
148
-73
-107
-8
-20
-71
202
-6
-69
147
-68
-70
110
-5
-192
-182
0
-207
-94
-134
4
-61
-109
-244
-150
-111
1
-57
-39
-49
-82
110
124
-314
37
19
34
4
-91
58
-147
-280
-100
180
202
-54
179
110
-70
20
-179
-184
-46
-54
-55
-89
-57
-131
114
106
149
13
-36
78
-136
52
65
-50
-13
-424
-9
2
-139
-108
-202
27
-190
-180
-52
-24
178
4
83
-94
-126
-134
-31
125
25
-87
-51
-260
43
-6
-350
-200
202
172
82
8
11
308
-119
125
-146
124
-103
-48
-102
-215
-183
-58
-138
194
161
-145
93
-127
-117
-24
75
-38
-243
20
-32
217
88
-44
-290
-132
194
-108
-86
126
11
-127
-50
157
137
-118
38
-86
8
-111
-54
256
-70
2
-78
-114
156
-54
35
214
-106
191
-71
83
54
-235
-59
158
-33
208
78
-364
-28
-105
50
65
102
-299
-115
11
113
-162
-11
5
191
-142
-56
-152
-81
-54
40
101
172
-20
161
165
-45
154
-89
123
-118
16
286
77
-58
12
31
71
-22
-151
135
2
23
46
-51
-139
69
-83
11
50
-53
213
246
58
-84
-211
-141
-115
165
287
-86
-99
79
226
37
84
-17
-76
52
25
0
-137
154
-102
77
21
-20
-110
-53
67
88
-41
-242
-117
-5
33
67
-118
9
-41
-202
-141
125
4
-128
152
340
-38
48
159
-73
134
233
83
-102
-82
112
6
51
-29
163
-47
-25
-184
135
-60
-6
37
32
-108
-253
168
-160
-35
-33
131
-154
-35
-260
-107
-71
500
175
-181
89
-28
-188
210
8
-77
-119
-63
15
-31
-33
45
-50
72
-102
35
-58
-36
66
-134
-27
-195
-223
68
101
193
266
33
411
-303
-405
52
-71
-76
42
6
192
104
-145
-193
-35
77
-86
36
-53
-60
-132
91
-82
-245
136
13
38
181
101
-88
51
3
-25
-80
6
-35
-244
5
136
48
91
6
40
28
44
-83
184
-57
93
55
22
229
173
-162
-81
-121
-108
57
-123
114
-5
1
-14
158
10
204
102
63
-74
93
-149
147
21
-60
-295
120
277
26
-59
-183
156
59
171
-95
-164
-69
-41
218
183
77
27
-143
-331
-57
-79
-88
-17
-138
-265
-187
68
-35
-224
-88
51
-40
19
-1
157
148
104
95
-152
-43
-249
-90
-215
-15
115
-61
212
62
52
8
-175
-103
-72
-108
-175
-116
110
-82
-158
-151
-65
-26
-11
32
-76
-99
30
48
-24
-16
83
81
63
-75
-85
-77
118
-238
-53
162
-50
-4
231
-48
124
106
-88
8
-119
-89
-69
9
-106
172
-122
10
-282
85
-183
59
-118
226
118
9
276
-138
-20
-246
37
-5
-140
-52
117
-76
-144
38
-211
-139
57
67
114
143
-200
-84
-31
152
-51
91
-262
38
-269
-52
143
-15
-160
-162
11
20
-221
17
-15
-43
-140
194
61
244
-109
36
28
171
-61
94
-116
80
87
44
-73
-25
-46
-315
158
183
-72
72
-66
148
169
51
153
2
-124
-75
76
161
37
-170
115
-38
77
249
115
57
105
-12
-83
54
311
84
-38
171
-97
-30
93
-39
-42
-103
52
-39
263
-95
-62
-7
-60
-46
214
91
199
246
-46
90
-122
79
-34
-71
241
34
145
96
-63
149
-123
-152
-135
-47
-127
-43
51
19
211
119
-69
32
176
-131
-220
285
-5
-23
46
33
-5
89
-81
-237
-29
-1
139
-100
-191
-121
246
-92
7
-108
28
225
-22
-92
-93
102
-127
52
136
-180
-95
88
47
104
-33
-170
11
-177
156
-177
37
177
43
160
1
112
37
-92
173
105
129
150
138
99
-120
15
77
-105
-133
-143
146
-28
23
54
143
117
111
-124
-190
-220
-103
95
-14
-114
72
260
-221
151
-195
210
18
-10
-87
148
-52
-77
-13
7
163
183
163
-336
110
155
-40
36
-6
0
-92
141
-113
-100
-70
146
-195
-176
-182
135
106
22
-186
80
199
-230
-57
-111
-71
-90
-35
33
48
190
59
-57
-176
39
231
120
-117
-183
42
126
196
-112
262
-96
-62
-46
89
-180
-16
-165
-114
-113
-232
-36
38
72
180
-4
-65
-180
167
-117
152
187
-88
74
-6
11
200
-202
-88
-89
-87
134
-98
-45
24
56
26
91
-72
26
94
58
74
94
-65
52
223
111
59
67
-126
74
16
126
179
252
-42
227
-120
-57
-25
-84
-133
-32
16
-180
-14
66
164
-18
-72
225
135
-140
-158
190
-111
-48
-209
-250
-127
-177
-88
118
-242
-21
262
175
-218
-16
154
181
-14
56
-134
31
39
-229
20
152
-56
-121
20
-48
-254
189
230
-6
166
67
-83
-250
-34
-3
37
58
-90
73
-88
-91
60
-170
-41
114
134
72
-18
234
-45
-316
10
-124
-183
44
-109
-38
1
51
-103
-80
84
-18
36
177
-93
37
-212
140
126
-158
-161
-93
4
-49
-101
-43
-31
52
149
-1
-75
95
47
61
72
103
249
99
-15
89
-17
56
-24
-75
-147
43
-269
-43
106
-296
113
151
-8
-24
-220
-3
-184
335
0
17
-128
-208
83
-19
9
-66
153
-15
311
-114
23
291
-224
92
-38
-19
20
-13
-148
121
-344
-86
57
306
27
183
65
204
-78
204
185
75
-2
-209
120
180
32
81
-45
-196
158
19
-37
-305
-116
-154
179
152
-125
-214
-120
-51
30
-58
37
-75
-123
74
174
29
33
49
-54
49
-23
43
-163
-139
-40
-5
232
-180
-22
215
-175
56
206
-102
-131
72
75
-244
-61
59
-56
-56
167
39
9
-94
209
204
-43
116
-31
22
-283
-125
287
-102
-47
224
-14
52
160
110
-91
-68
0
127
-115
-12
99
-176
100
-74
68
-8
-63
-255
-272
85
18
22
-115
48
153
-3
-64
-220
-175
189
176
153
165
197
-251
-37
-63
54
103
-69
-117
121
0
109
-23
-25
-78
-9
83
-140
-103
-267
-14
-107
-79
224
-47
-44
-108
207
-59
263
-38
26
290
-109
-261
-15
-37
13
-11
-94
191
-105
32
55
-27
58
-52
192
114
-70
-50
104
97
95
100
33
173
-23
35
-125
93
92
84
-48
-6
179
-167
49
37
-23
194
-33
-23
-170
-181
-39
18
22
-19
16
-6
118
148
51
-23
-13
-190
2
-246
240
70
-323
-19
-126
89
-83
80
9
43
-50
1
21
-245
-73
-273
21
-47
220
246
78
161
142
95
1
-1
-19
-181
-328
-25
38
101
56
86
204
-60
20
-15
-11
-34
33
-38
-214
154
314
-183
146
197
-179
33
180
8
3
42
193
129
332
10
-239
-131
-133
-43
200
34
-243
23
-102
22
-119
-162
79
-57
-282
-405
158
96
236
-160
132
-13
-19
-113
108
19
131
-40
121
166
152
-157
34
187
87
-124
149
155
340
-6
-147
65
-232
70
-13
-207
-143
-123
176
-34
85
61
-80
71
54
-14
180
8
-235
28
201
-10
34
-149
-17
45
115
-95
-21
96
-176
-143
13
100
100
-67
-251
103
41
-129
-101
23
62
-66
82
165
54
40
-102
96
43
-188
68
-125
257
-9
-151
-44
-31
-39
-79
-75
-44
6
131
120
-161
-46
24
185
48
-33
-29
-137
14
-85
-13
14
-76
-65
-184
48
-100
-215
207
-45
43
90
-201
183
-147
171
-85
-50
141
73
81
-19
161
-157
132
61
-79
30
215
114
46
5
-140
1
100
-159
143
38
94
-51
-105
-60
114
9
133
0
-15
52
-177
226
161
166
-59
-46
-171
256
16
-41
238
68
88
249
-17
186
-105
-65
44
-125
-236
-291
48
114
207
-69
417
-21
208
-23
-159
-57
-86
-20
-104
-37
-46
-287
12
161
-25
33
-4
49
-126
-167
30
-65
-105
-53
-26
105
201
27
-44
-129
-232
-95
-127
180
-105
-46
-227
5
148
-113
141
-158
-282
-101
-118
4
53
151
34
-31
-198
-116
-116
-25
191
256
-203
119
53
-125
-124
71
271
48
175
26
52
27
-66
-17
139
-51
-163
72
-128
298
-54
-76
10
-229
-40
78
-1
75
-197
90
302
166
-359
193
100
71
-182
175
-53
55
114
3
-33
-209
73
107
160
29
-126
163
-54
-127
-33
-16
135
-33
229
91
-77
120
-120
-157
-259
23
53
-13
181
21
154
122
102
-62
-85
54
97
151
29
-79
113
103
83
69
-20
-11
-217
-121
-201
-95
-71
-110
59
-174
92
120
105
251
38
32
30
145
-52
-127
89
-2
82
-56
213
131
-126
-141
85
4
-365
262
-69
-58
158
25
-1
-101
53
-27
-220
39
157
-6
29
29
58
47
94
-11
-11
-209
117
29
19
-71
7
-9
-57
137
-166
-37
-31
-47
32
-140
31
155
-249
126
-15
76
-7
19
31
200
87
101
-94
226
153
-118
-148
96
-251
33
-69
32
292
45
47
-126
13
405
-36
50
21
-42
141
-49
62
225
37
-75
140
43
135
-131
-25
156
-27
-7
-76
-49
-42
-21
-5
-352
109
-79
-144
-67
228
131
107
-82
-83
-61
-59
30
-61
-32
27
-188
45
51
-111
22
-121
-68
207
146
-42
-91
27
288
6
-135
-96
52
-69
-159
145
-40
-125
124
67
-104
40
-102
-207
-232
-110
67
137
246
-23
106
-150
39
54
22
-99
-9
213
-104
12
-74
-43
-199
-41
-78
-185
149
-165
-117
84
131
10
71
-227
-56
-119
-16
108
-60
38
-94
108
85
28
60
21
57
23
69
3
-101
-8
97
-43
-135
-8
-52
-61
-67
-118
-109
-168
115
-94
-241
9
115
-2
48
91
108
134
53
30
224
-52
-42
-12
42
-184
-147
-23
-27
18
-46
241
184
-210
-27
44
88
-176
-51
74
101
-39
-201
-40
-153
-162
119
-47
115
-67
111
-208
151
10
-139
-56
54
-116
-194
-160
-59
4
67
-79
-207
4
-11
167
76
134
-52
15
-15
89
243
61
92
-156
-65
-209
25
20
100
-164
-250
12
-89
22
-70
141
-20
138
143
40
-88
70
-133
-45
187
93
-216
0
-36
-224
-73
-99
56
-287
71
-92
-188
-14
40
-15
-227
27
89
-33
-13
25
-309
-227
24
-106
-116
197
-241
29
28
81
-100
183
-265
124
26
69
20
-138
-324
76
7
37
209
-21
-63
-99
97
-114
-22
32
-31
11
22
5
-116
-78
94
75
-219
226
-28
16
-31
-117
47
55
78
68
-55
-35
-16
78
167
36
21
228
116
39
81
-82
-89
73
50
-104
59
206
109
-68
-50
27
-103
87
212
-48
-194
126
-89
143
132
4
44
100
12
20
5
67
79
309
-183
-51
42
-138
46
12
-113
-24
125
247
-55
132
-95
195
144
45
-284
108
-24
13
131
33
-143
58
-18
-131
108
-115
-124
-53
-90
142
48
9
-209
-50
-261
-10
9
-55
120
-104
-54
203
-287
-78
83
-102
107
-34
67
99
-40
23
-80
95
50
-30
116
123
26
326
-72
127
-9
23
-45
-47
8
-163
71
-110
-9
-11
-271
-27
-125
-35
-154
68
164
-89
-213
-105
37
39
-123
9
-92
198
93
62
98
-27
-89
-108
-137
-239
25
323
-125
-221
32
25
25
77
-133
-97
-41
101
-343
54
-185
184
57
-21
-131
45
255
23
63
-351
68
174
-145
124
-150
-2
-2
99
-134
2
-65
233
14
-78
127
-107
171
-70
-8
-111
-21
-205
137
81
-60
42
136
136
-37
-14
12
-10
106
-174
167
-154
49
-29
-56
121
-197
-6
136
-89
-150
-166
257
19
-5
38
41
42
229
-166
-71
36
-29
-158
76
7
149
-100
-31
37
-214
-68
60
-31
-33
-87
39
63
3
154
285
88
-77
-145
153
-118
-18
200
29
-257
183
98
89
45
28
-44
-103
85
20
127
-23
-106
-114
-7
-43
-158
6
64
-6
-103
-34
-59
25
74
-23
-20
62
36
36
-5
-83
19
-28
31
-91
-103
-75
-187
-38
-89
41
-266
-162
-51
-119
134
-53
109
57
11
148
-44
-256
89
208
238
-258
180
167
-16
-275
32
86
-9
18
-146
27
-51
178
77
55
-27
157
-59
-286
165
-137
-135
38
106
-131
68
55
-293
1
120
6
-126
191
99
-57
-96
248
-16
-155
-197
-115
7
-41
2
-241
81
-270
2
162
-130
-92
-126
-87
123
-138
-151
-67
-182
-185
53
117
120
16
73
355
-210
-289
-71
-94
90
252
-31
150
9
16
39
-212
-89
259
-184
-64
-9
-47
-177
57
325
102
164
58
-138
-6
145
82
10
-172
-26
53
-40
-194
-75
-110
283
187
107
-301
100
168
165
-16
24
-72
151
211
-87
-163
108
225
-48
122
-100
-56
25
-132
-90
183
49
-157
-70
-5
-105
-270
-104
-75
207
-315
-291
96
51
80
135
-38
-105
125
132
-159
-115
32
-141
79
-93
-152
-173
-119
-81
-122
24
88
-14
-163
4
-9
5
15
18
-250
-27
-93
-240
104
-86
62
13
-2
-59
-102
-87
-93
42
8
201
-102
-137
-184
-177
128
-64
-74
159
30
-98
389
-41
209
-19
63
-37
-92
-89
0
-162
28
87
95
175
-73
-22
18
-179
346
91
52
87
-146
4
135
-32
-21
-3
10
18
-81
-244
-91
76
76
180
-6
11
159
216
-57
139
61
-126
-81
195
279
22
72
-175
8
-140
-33
-115
115
-23
-233
-41
-3
-11
-87
176
57
-274
56
-34
-43
-135
32
135
-152
53
-229
134
117
-113
128
-32
252
4
-61
37
-87
-99
206
21
-183
-97
233
76
-164
44
147
-76
-115
169
-37
-131
-42
-158
166
-24
7
-26
228
54
-281
150
79
-157
228
84
-71
35
-61
-66
-5
-60
-14
71
64
-215
-10
-155
19
84
-204
64
69
-110
-112
120
95
130
119
301
8
-10
315
-330
-220
-83
-41
82
183
89
159
-55
64
42
-90
150
-91
-255
-227
162
-79
-63
-65
-151
-10
201
-77
212
-37
-181
-83
237
160
-318
88
16
119
-43
-36
-62
116
-90
-507
174
185
21
90
-21
155
-98
120
-129
323
-104
17
120
133
6
120
-69
-8
-44
-29
-25
-37
120
167
118
365
-66
48
14
75
-73
35
-44
-23
-86
-76
88
151
-83
27
-133
242
19
-105
416
97
-174
-14
87
41
166
24
235
182
-151
-83
198
22
3
-259
310
80
46
-82
-109
-20
111
198
16
-80
-264
21
-117
-294
-163
-95
206
109
-99
108
-1
84
6
-102
273
29
-43
-124
163
-34
-144
107
216
-104
62
22
65
121
116
-11
-31
77
63
-159
-81
-60
293
-56
3
211
-144
-66
-13
36
-58
92
-1
88
-207
27
15
190
-371
-113
-62
141
180
38
119
69
28
47
-149
167
41
-17
25
21
-176
-169
-37
51
-125
-114
-146
-34
90
-185
-58
-180
105
43
-125
-73
100
178
-32
17
347
-28
-195
128
-194
59
48
33
17
198
-107
40
-75
-54
-67
22
-137
-50
-67
235
-41
153
114
8
185
-34
69
5
-64
226
-85
56
144
41
-295
-63
-88
-51
-169
288
-165
-203
-140
-172
85
-3
-68
-87
140
83
206
-247
-176
-58
75
5
-130
-133
74
140
35
99
-71
26
46
101
232
2
-74
-14
37
14
-180
64
29
17
-89
129
-101
22
24
-35
-1
-37
-27
-139
-123
82
-86
148
23
-196
75
-3
-96
-195
-58
-71
-57
38
-97
119
49
87
-88
50
-184
-9
-82
-83
64
-26
148
-28
-331
89
76
-151
143
74
-37
23
109
-194
-83
-23
-113
-11
105
-44
-74
212
-121
-44
-38
-60
179
60
-41
123
129
142
-32
-124
-110
118
37
-138
36
-45
-151
103
-71
240
114
112
151
-143
-108
64
-27
210
-19
277
-26
-134
51
51
258
-143
-112
-67
182
211
-262
-78
-24
20
118
-86
-79
-7
-186
204
171
37
83
-90
-153
142
97
-236
320
65
308
-154
138
-102
125
148
112
-87
-98
12
74
310
-135
153
-12
-16
-139
-139
8
60
71
-304
120
48
49
-28
-151
137
-108
-51
-90
-312
-30
-48
130
-373
-122
-165
-59
217
27
99
110
-64
189
-215
148
-64
81
48
123
48
-17
84
-244
121
-52
17
-156
245
-156
-71
82
-87
29
4
-75
29
-84
-17
26
96
208
-82
25
3
37
107
77
147
-48
194
-83
-17
158
145
172
-62
101
91
-38
-155
7
-63
276
-187
173
101
-316
-137
-8
-27
51
-5
292
-9
-22
-92
-6
59
51
-61
-76
135
161
-19
-117
23
104
153
-70
-299
36
48
78
-176
15
-6
139
91
187
76
-23
108
79
-3
25
353
57
75
-128
-153
91
-124
-101
-259
-224
170
-139
107
-11
349
121
102
39
-37
-48
49
-18
-307
-76
110
-115
12
-309
-30
151
-89
-13
-3
85
11
90
-126
-280
68
-116
-11
-39
-119
-10
209
76
188
-35
-22
-328
57
-20
-10
-101
-219
-12
149
115
-109
90
47
-147
183
204
54
-14
-70
-187
-195
153
-95
89
-145
142
22
-111
29
-17
-66
118
-175
92
-50
-77
-50
-112
-150
-258
123
118
22
53
-92
113
-28
-67
-83
-135
-66
91
180
21
-1
157
219
-159
-28
-164
117
75
61
-20
236
81
-42
61
-1
-167
-119
-61
-140
-36
-63
-66
-224
-85
173
9
266
-80
-143
-64
-33
151
-17
31
-62
51
320
-89
161
293
222
-16
19
-62
-50
-215
28
-10
-60
-130
47
-43
-73
-48
-40
-70
20
-33
-308
96
69
58
-124
-207
206
-56
-128
157
40
246
-18
56
-45
-89
-293
101
-182
-49
218
-176
-45
142
-154
48
57
55
22
-58
51
-85
-70
2
-140
21
194
-95
222
-116
193
60
-194
-13
117
-147
92
-32
-388
53
230
-44
184
-171
53
-46
-191
-150
-5
-35
-23
70
-58
-90
-25
53
42
87
-92
-83
4
-158
181
301
34
-18
10
-106
-230
-195
-318
-135
-48
19
116
-265
212
-135
-22
-39
-48
32
-252
-252
-153
0
-139
96
-174
-3
-38
-229
30
82
-51
219
93
-33
41
58
88
8
66
-207
73
-40
-125
-123
-227
-158
89
26
53
-101
110
153
89
-15
-64
-107
95
-60
50
-126
-86
212
-175
108
-29
55
178
76
48
113
-37
164
52
-178
97
-114
-55
-209
-191
-46
41
-27
-189
-32
-208
-45
-82
-59
-24
149
65
33
-194
203
42
-73
-65
-40
-18
-71
118
87
88
-147
37
11
-141
-42
-103
78
95
-187
100
-30
-37
407
23
72
-18
400
-90
-40
-11
13
-166
33
-29
-115
-46
-14
-212
91
82
-121
-75
-80
-311
134
-47
189
108
-101
-57
85
40
128
127
-160
322
-207
45
-141
-258
-106
42
-149
140
145
276
142
-108
84
-10
65
-21
-32
22
-22
70
-9
66
-93
-150
-143
166
21
-43
-8
78
-113
-54
-19
34
122
158
-3
-251
83
-148
45
-36
-71
231
203
-271
-212
-57
179
22
124
-153
86
-153
-98
51
-184
36
77
385
229
-103
44
-144
-157
-40
153
297
48
55
-32
-36
172
200
-140
121
162
-53
-22
-103
160
140
8
176
-44
32
25
131
-147
-57
152
96
36
47
51
-57
143
171
-174
143
-110
8
-74
-124
25
99
12
-116
38
-6
-107
92
-86
39
-88
226
-5
156
39
73
-158
46
-170
28
-290
-20
88
-80
17
-59
6
6
-292
13
-94
37
54
-7
-7
88
49
-118
-44
139
-79
61
102
-135
77
5
-30
-107
-167
191
-41
-115
-126
252
113
271
33
147
-154
25
47
-43
-32
-186
23
131
242
60
-55
-5
-5
3
-164
-229
-86
67
-28
-113
19
-112
-36
-182
-12
-30
-306
174
-66
-49
141
-235
123
105
-61
-38
182
256
-177
-27
72
213
242
279
-71
-79
-116
170
6
105
132
156
130
74
281
22
-105
358
188
108
144
-180
-160
220
43
145
220
-31
79
-56
165
6
169
-298
-284
-200
-208
96
285
-136
-64
-105
-194
-205
196
-186
-30
131
-75
238
-93
46
-8
-12
134
-300
-53
94
167
-52
-246
25
-98
32
-331
-61
127
60
-266
-119
-228
-221
-76
111
-49
-75
229
-97
-42
-17
9
-58
218
-173
-13
-164
112
-144
-132
-3
-138
191
111
-4
35
78
-39
272
13
-289
-195
26
-68
304
-31
8
236
-213
-210
99
-36
-57
84
41
-109
-210
28
195
199
-66
67
-69
-186
-380
58
-124
19
113
290
28
-225
66
90
-17
48
-1
-82
-122
20
-170
-14
-257
314
-33
188
104
142
142
128
16
43
-106
90
-72
13
12
145
-28
168
-33
-56
33
-169
-157
66
16
-59
-44
114
-83
-21
-170
37
144
37
-53
217
-14
-204
12
-70
-6
-45
-72
212
134
-36
250
42
-206
-28
73
12
-6
58
-144
-8
2
51
-132
-88
-62
124
259
-136
-43
-119
-203
-31
-243
-106
-136
143
195
201
-132
-51
214
16
-48
229
-6
-103
91
-163
-156
-139
3
-58
22
111
53
-137
118
148
-67
148
-185
67
-77
-278
-327
126
222
-211
23
87
-78
-68
1
-33
-80
-214
-54
287
-121
-45
-157
33
-64
180
88
107
-66
45
-233
-149
30
37
23
56
100
12
23
192
282
-68
-117
-242
-194
15
175
-126
-70
95
35
-38
-178
-182
-71
-174
-141
-23
-98
93
3
368
-17
8
166
84
-139
48
-91
78
10
-160
21
-111
105
84
146
-212
-199
-126
-112
0
-16
-249
63
6
-97
245
-25
152
-7
121
-151
38
-14
-47
-237
23
79
-84
-146
219
-72
153
-252
-110
-72
-49
39
52
171
156
64
-147
-239
-23
88
-16
-96
-165
245
9
-216
-192
87
43
-22
-91
77
-90
180
-132
-38
-86
-97
52
-115
-152
220
32
-142
-8
84
-194
-84
193
202
-24
463
-43
151
-233
223
78
127
-79
76
36
37
265
89
135
-115
-172
-34
38
-41
101
-209
160
-188
170
-59
-28
53
-189
-113
87
-160
125
56
182
107
154
36
254
1
22
1
27
22
233
103
-174
-16
53
-33
51
86
103
-26
-63
-6
77
-127
-25
14
-80
140
-29
-148
196
123
-218
111
1
180
13
-3
74
-23
-30
-111
-9
-12
18
111
-14
-111
-103
90
69
-307
77
264
-97
-54
269
109
85
75
-1
-133
-65
-165
21
-62
-201
-55
-92
-146
203
-96
-135
108
-146
-150
-74
75
134
128
62
-148
-44
-61
-145
-41
-201
79
30
-101
139
40
15
34
-21
37
316
37
-55
158
232
-196
182
-81
-160
-29
-3
28
-5
227
256
148
131
-268
2
-35
176
342
49
26
-106
56
197
70
-90
128
121
241
-129
159
49
-165
-52
-124
28
-134
-82
-110
66
229
-107
29
-169
198
1
107
-61
-26
-35
117
44
37
121
-58
-137
-240
82
-101
-164
118
217
96
41
147
-10
-149
152
-25
-100
-201
-176
105
47
-196
50
84
-81
14
-93
102
134
-132
31
-46
-53
112
192
-193
-96
-91
-44
-54
-342
-15
112
-18
-71
12
-34
-108
-66
-89
139
-233
12
-241
-273
-247
-89
114
-115
-52
-229
-70
-21
-121
-103
-18
62
79
-32
72
-58
147
20
117
-43
32
-32
-27
220
-95
-330
205
40
205
15
-119
66
-173
206
148
45
53
26
53
-143
52
-193
227
-62
101
98
-12
20
164
-76
-91
-30
69
-6
88
-28
-235
-222
-31
149
55
