# CN's    histories    time     assemble time
1           10000      12.35    0.1168E-04
3           30000      15.32    0.1812E-04
7           70000      30.19    0.2313E-04
15          150000     442.77   0.2337E-04
23          230000     661.41   0.1884E-04
31          310000     765.03   0.1740E-04
39          390000     1013.01  0.2146E-04
47          470000     1409.97  0.2027E-04
55          550000     1628.31  0.1979E-04
63          630000     1909.82  0.2170E-04
71          710000     2331.33  0.2098E-04
