# CN's    histories    time     assemble time
1           10000      12.38    0.1121E-04
2           20000      12.23    0.1550E-04
4           40000      13.52    0.2122E-04
8           80000      13.78    0.2265E-04
12          120000     14.21    0.1907E-04
16          160000     13.99    0.1717E-04
20          200000     14.26    0.1574E-04
24          240000     14.05    0.2003E-04
28          280000     14.81    0.1383E-04
32          320000     13.96    0.1788E-04
36          360000     14.79    0.2575E-04
40          400000     14.74    0.1907E-04
