# CN's    histories    time     assemble time
1           400000     455.51   0.1550E-04
2           400000     232.44   0.1550E-04
4           400000     127.16   0.2313E-04
8           400000     67.68    0.2384E-04
12          400000     47.06    0.2766E-04
16          400000     35.43    0.2003E-04
20          400000     28.28    0.2027E-04
24          400000     24.34    0.1860E-04
28          400000     20.89    0.1860E-04
32          400000     17.58    0.1454E-04
36          400000     16.50    0.1979E-04
40          400000     14.60    0.1788E-04
