#               MPI_GET             MPI_ACCUMULATE
# nodes   MPICH2     OpenMPI    MPICH2     OpenMPI
1         1.14E-005  9.57E-006  5.04E-006  5.01E-006
2         1.12E-005  8.80E-006  5.03E-006  5.09E-006
4         1.15E-005  9.20E-006  3.94E-006  4.93E-006
8         1.24E-005  1.45E-005  5.55E-006  8.56E-006
12        1.25E-005  1.59E-005  5.80E-006  1.02E-005
16        1.29E-005  1.87E-005  5.56E-006  1.25E-005
20        1.11E-005  2.28E-005  6.20E-006  1.50E-005
24        1.18E-005  2.73E-005  5.63E-006  1.78E-005
28        1.18E-005  3.53E-005  6.73E-006  2.45E-005
32        1.16E-005  3.50E-005  6.44E-006  2.37E-005
36        1.39E-005  3.91E-005  7.41E-006  2.75E-005
40        1.52E-005  4.18E-005  7.74E-006  3.04E-005
44        1.16E-005  4.90E-005  8.21E-006  3.54E-005
